44046 2010  8 17  1   0.0    13   0.8  23.3   0.0
44046 2010  8 17  2   0.0    12   0.9  23.4   0.0
44046 2010  8 17  3   0.0    12   0.7  23.2   0.0
44046 2010  8 17  4   0.0    16   0.8  23.1   0.0
44046 2010  8 17  5   0.0    13   0.9  22.8   0.0
44046 2010  8 17  6   0.0    14   0.7  23.0   0.0
44046 2010  8 17  7   0.0    13   0.4  23.9   0.5
44046 2010  8 17  8   0.0     9   0.9  25.5   0.9
44046 2010  8 17  9   0.0    10   0.6  27.1   0.3
44046 2010  8 17 10   0.0     6   1.4  29.2   1.0
44046 2010  8 17 11   0.0    13   1.5  29.8   0.5
44046 2010  8 17 12   0.0    15   1.3  31.2   0.8
44046 2010  8 17 13   0.0     3   1.3  31.2   0.5
44046 2010  8 17 14   0.0     1   0.6  29.9   0.2
44046 2010  8 17 15   0.0     1   1.5  30.5   0.2
44046 2010  8 17 16   0.0    14   1.6  28.6   0.0
44046 2010  8 17 17   0.0    14   0.9  27.5   0.1
44046 2010  8 17 18   0.0    14   1.8  26.9   0.0
44046 2010  8 17 19   0.0    14   1.4  26.3   0.0
44046 2010  8 17 20   0.0    14   0.8  25.9   0.0
44046 2010  8 17 21   0.0    14   1.0  25.4   0.0
44046 2010  8 17 22   0.0     4   0.4  25.3   0.0
44046 2010  8 17 23   0.0     5   0.7  24.9   0.0
44046 2010  8 17 24   0.0    16   0.8  24.1   0.0